1.178449096679687500e+02 -2.035192680358886719e+01 9.272574424743652344e+00 -2.035192680358886719e+01 1.082242431640625000e+02 8.967577934265136719e+00 9.272574424743652344e+00 8.967577934265136719e+00 1.151032562255859375e+02
1.207556457519531250e+02 1.515039920806884766e+00 9.272574424743652344e+00 1.515039920806884766e+00 8.479251098632812500e+01 -9.849416732788085938e+00 9.272574424743652344e+00 -9.849416732788085938e+00 1.090729293823242188e+02
8.688107299804687500e+01 -4.962833404541015625e+00 3.961647033691406250e+00 -4.962833404541015625e+00 1.199202194213867188e+02 5.082180023193359375e+00 3.961647033691406250e+00 5.082180023193359375e+00 9.938927459716796875e+01
1.081977233886718750e+02 2.841114282608032227e+00 -5.138537883758544922e+00 2.841114282608032227e+00 1.193732147216796875e+02 -9.219532012939453125e+00 -5.138537883758544922e+00 -9.219532012939453125e+00 8.033358001708984375e+01
1.093613510131835938e+02 -9.395236968994140625e+00 1.046935653686523438e+01 -9.395236968994140625e+00 1.071633834838867188e+02 -1.513382339477539062e+01 1.046935653686523438e+01 -1.513382339477539062e+01 1.057245941162109375e+02
1.161409072875976562e+02 -7.661394596099853516e+00 2.683311462402343750e+01 -7.661394596099853516e+00 8.755737304687500000e+01 -2.270902395248413086e+00 2.683311462402343750e+01 -2.270902395248413086e+00 9.331584930419921875e+01
1.021707153320312500e+02 -1.132135963439941406e+01 -1.211037349700927734e+01 -1.132135963439941406e+01 1.377592315673828125e+02 2.320630073547363281e+00 -1.211037349700927734e+01 2.320630073547363281e+00 1.316924438476562500e+02
1.259737472534179688e+02 -6.212658405303955078e+00 -2.459204864501953125e+01 -6.212658405303955078e+00 8.846904754638671875e+01 8.735514640808105469e+00 -2.459204864501953125e+01 8.735514640808105469e+00 1.047267227172851562e+02
1.113173065185546875e+02 -6.842543601989746094e+00 -1.970878028869628906e+01 -6.842543601989746094e+00 1.090895080566406250e+02 -1.886009216308593750e+01 -1.970878028869628906e+01 -1.886009216308593750e+01 1.133694076538085938e+02
1.110951919555664062e+02 5.731956481933593750e+00 -4.167188644409179688e+00 5.731956481933593750e+00 1.178913269042968750e+02 -1.109261226654052734e+01 -4.167188644409179688e+00 -1.109261226654052734e+01 1.398975219726562500e+02
1.018723449707031250e+02 4.624684333801269531e+00 1.139429378509521484e+01 4.624684333801269531e+00 9.416122436523437500e+01 -1.170260548591613770e+00 1.139429378509521484e+01 -1.170260548591613770e+00 1.196284790039062500e+02
1.329621582031250000e+02 -2.290461921691894531e+01 -2.303391075134277344e+01 -2.290461921691894531e+01 1.261660308837890625e+02 1.187831115722656250e+01 -2.303391075134277344e+01 1.187831115722656250e+01 1.055588302612304688e+02
1.408655548095703125e+02 -2.385276222229003906e+01 1.499458599090576172e+01 -2.385276222229003906e+01 1.334727020263671875e+02 3.533987998962402344e+00 1.499458599090576172e+01 3.533987998962402344e+00 1.392510681152343750e+02
1.141053848266601562e+02 1.958280372619628906e+01 1.496806430816650391e+01 1.958280372619628906e+01 1.150137405395507812e+02 1.661902618408203125e+01 1.496806430816650391e+01 1.661902618408203125e+01 1.129152297973632812e+02
1.121494216918945312e+02 -1.746439933776855469e+01 -1.176227951049804688e+01 -1.746439933776855469e+01 1.109327468872070312e+02 -1.496474933624267578e+01 -1.176227951049804688e+01 -1.496474933624267578e+01 1.095039062500000000e+02
1.222839431762695312e+02 -1.490176010131835938e+01 1.517692089080810547e+01 -1.490176010131835938e+01 1.154281387329101562e+02 -1.380443382263183594e+01 1.517692089080810547e+01 -1.380443382263183594e+01 1.198870620727539062e+02
8.653629302978515625e+01 -1.211368942260742188e+01 -2.267587184906005859e+00 -1.211368942260742188e+01 1.344970855712890625e+02 -8.500136375427246094e+00 -2.267587184906005859e+00 -8.500136375427246094e+00 1.125903396606445312e+02
1.168669281005859375e+02 -2.834483861923217773e+00 -2.646181297302246094e+01 -2.834483861923217773e+00 1.209810791015625000e+02 5.997171401977539062e+00 -2.646181297302246094e+01 5.997171401977539062e+00 1.035000991821289062e+02
9.556023406982421875e+01 -1.767325592041015625e+01 -3.378174304962158203e+00 -1.767325592041015625e+01 8.211715698242187500e+01 1.722239112854003906e+01 -3.378174304962158203e+00 1.722239112854003906e+01 1.307840881347656250e+02
1.227911682128906250e+02 -6.385047912597656250e+00 -5.112016677856445312e+00 -6.385047912597656250e+00 1.016999588012695312e+02 7.923294067382812500e+00 -5.112016677856445312e+00 7.923294067382812500e+00 1.003738784790039062e+02
1.079789199829101562e+02 -2.139620971679687500e+01 2.473128557205200195e+00 -2.139620971679687500e+01 1.058406219482421875e+02 -5.973964691162109375e+00 2.473128557205200195e+00 -5.973964691162109375e+00 1.435143890380859375e+02
9.383965301513671875e+01 5.241308689117431641e+00 1.423540782928466797e+01 5.241308689117431641e+00 1.226983413696289062e+02 -1.022403335571289062e+01 1.423540782928466797e+01 -1.022403335571289062e+01 1.125837097167968750e+02
1.261295623779296875e+02 -2.754919528961181641e+00 2.210897445678710938e+01 -2.754919528961181641e+00 1.167475814819335938e+02 9.942242622375488281e+00 2.210897445678710938e+01 9.942242622375488281e+00 8.737835693359375000e+01
1.273760681152343750e+02 2.386933863162994385e-01 1.231923103332519531e+01 2.386933863162994385e-01 9.538452911376953125e+01 4.226861953735351562e+00 1.231923103332519531e+01 4.226861953735351562e+00 1.059665985107421875e+02
1.135484313964843750e+02 1.473931598663330078e+01 2.127023315429687500e+01 1.473931598663330078e+01 1.014513168334960938e+02 1.891645050048828125e+01 2.127023315429687500e+01 1.891645050048828125e+01 1.126002883911132812e+02
1.105415573120117188e+02 5.950758457183837891e+00 2.241065740585327148e+00 5.950758457183837891e+00 1.166613922119140625e+02 1.214352607727050781e+01 2.241065740585327148e+00 1.214352607727050781e+01 1.119007797241210938e+02
1.246907730102539062e+02 1.713288116455078125e+01 -1.680136108398437500e+01 1.713288116455078125e+01 1.148148345947265625e+02 -2.675354957580566406e+00 -1.680136108398437500e+01 -2.675354957580566406e+00 8.311170959472656250e+01
1.304393005371093750e+02 2.373341560363769531e+01 -5.967334657907485962e-02 2.373341560363769531e+01 9.245721435546875000e+01 7.396179676055908203e+00 -5.967334657907485962e-02 7.396179676055908203e+00 1.246642456054687500e+02
1.058273620605468750e+02 2.125034093856811523e+00 -2.413455200195312500e+01 2.125034093856811523e+00 1.122919769287109375e+02 -1.868438720703125000e+01 -2.413455200195312500e+01 -1.868438720703125000e+01 1.196483688354492188e+02
9.640229034423828125e+01 -4.475501060485839844e+00 3.242251873016357422e+00 -4.475501060485839844e+00 1.072097930908203125e+02 1.610517311096191406e+01 3.242251873016357422e+00 1.610517311096191406e+01 1.214153671264648438e+02
7.220143127441406250e+01 4.150612831115722656e+00 -7.449222564697265625e+00 4.150612831115722656e+00 1.398212738037109375e+02 -1.125837135314941406e+01 -7.449222564697265625e+00 -1.125837135314941406e+01 1.052472076416015625e+02
1.022668533325195312e+02 5.052343368530273438e+00 1.112244892120361328e+01 5.052343368530273438e+00 1.133229980468750000e+02 -1.871753883361816406e+01 1.112244892120361328e+01 -1.871753883361816406e+01 1.153087921142578125e+02
8.502125549316406250e+01 -9.557681083679199219e+00 -2.950515449047088623e-01 -9.557681083679199219e+00 9.415459442138671875e+01 -4.139009475708007812e+01 -2.950515449047088623e-01 -4.139009475708007812e+01 1.141882629394531250e+02
1.112841567993164062e+02 1.168603038787841797e+01 1.060859486460685730e-01 1.168603038787841797e+01 1.444227600097656250e+02 2.361738395690917969e+01 1.060859486460685730e-01 2.361738395690917969e+01 1.076275100708007812e+02
1.093878707885742188e+02 -1.376133632659912109e+01 -1.251814174652099609e+01 -1.376133632659912109e+01 1.205169525146484375e+02 2.735028266906738281e+00 -1.251814174652099609e+01 2.735028266906738281e+00 1.633060607910156250e+02
1.090066223144531250e+02 -2.784756124019622803e-01 2.030551338195800781e+01 -2.784756124019622803e-01 1.013253402709960938e+02 -1.358563137054443359e+01 2.030551338195800781e+01 -1.358563137054443359e+01 1.074949035644531250e+02
9.713494873046875000e+01 -1.911867713928222656e+01 -4.143982231616973877e-01 -1.911867713928222656e+01 1.068981704711914062e+02 -9.226161956787109375e+00 -4.143982231616973877e-01 -9.226161956787109375e+00 1.339931793212890625e+02
1.422778320312500000e+02 1.175233364105224609e+01 4.939626693725585938e+00 1.175233364105224609e+01 1.093646621704101562e+02 1.339003562927246094e+01 4.939626693725585938e+00 1.339003562927246094e+01 9.817259979248046875e+01
1.430038604736328125e+02 -8.808448791503906250e+00 -6.653577804565429688e+00 -8.808448791503906250e+00 8.690760040283203125e+01 9.040512084960937500e+00 -6.653577804565429688e+00 9.040512084960937500e+00 1.066230087280273438e+02
1.277042770385742188e+02 1.228607845306396484e+01 -1.128489303588867188e+01 1.228607845306396484e+01 1.126334381103515625e+02 -2.788071393966674805e+00 -1.128489303588867188e+01 -2.788071393966674805e+00 1.272103118896484375e+02
9.198645782470703125e+01 -2.191337823867797852e+00 -1.181532192230224609e+01 -2.191337823867797852e+00 1.147551574707031250e+02 -2.680659294128417969e+01 -1.181532192230224609e+01 -2.680659294128417969e+01 1.007153472900390625e+02
1.080750579833984375e+02 -8.798502922058105469e+00 -2.986982345581054688e+00 -8.798502922058105469e+00 1.031354293823242188e+02 2.030882835388183594e+01 -2.986982345581054688e+00 2.030882835388183594e+01 1.177321929931640625e+02
1.112311172485351562e+02 -1.394035625457763672e+01 1.020745754241943359e+01 -1.394035625457763672e+01 1.162536239624023438e+02 -7.346451759338378906e+00 1.020745754241943359e+01 -7.346451759338378906e+00 8.392392730712890625e+01
1.256886444091796875e+02 -4.508652687072753906e+00 3.265458106994628906e+00 -4.508652687072753906e+00 1.352993621826171875e+02 1.163298702239990234e+01 3.265458106994628906e+00 1.163298702239990234e+01 1.320504760742187500e+02
9.579560852050781250e+01 1.453045940399169922e+01 1.001186084747314453e+01 1.453045940399169922e+01 1.234144210815429688e+02 2.572252655029296875e+01 1.001186084747314453e+01 2.572252655029296875e+01 1.339335021972656250e+02
1.188063125610351562e+02 1.258113002777099609e+01 1.017762064933776855e+00 1.258113002777099609e+01 1.024425582885742188e+02 -1.054560661315917969e+01 1.017762064933776855e+00 -1.054560661315917969e+01 9.710842132568359375e+01
1.444492797851562500e+02 -1.482551097869873047e+01 1.388068294525146484e+01 -1.482551097869873047e+01 1.010932769775390625e+02 -5.705434799194335938e+00 1.388068294525146484e+01 -5.705434799194335938e+00 1.082607116699218750e+02
1.059036102294921875e+02 2.474786186218261719e+01 4.608108401298522949e-01 2.474786186218261719e+01 1.166779632568359375e+02 -2.764864921569824219e+00 4.608108401298522949e-01 -2.764864921569824219e+00 1.377360229492187500e+02
6.531578826904296875e+01 6.985096454620361328e+00 -1.401329040527343750e+01 6.985096454620361328e+00 9.303405761718750000e+01 -2.164816379547119141e+00 -1.401329040527343750e+01 -2.164816379547119141e+00 1.059433975219726562e+02
9.377666473388671875e+01 -8.324431419372558594e+00 1.488518476486206055e+00 -8.324431419372558594e+00 1.247305526733398438e+02 1.473268604278564453e+01 1.488518476486206055e+00 1.473268604278564453e+01 1.403119201660156250e+02
9.764548492431640625e+01 -1.054229140281677246e+00 -2.784756183624267578e+00 -1.054229140281677246e+00 1.162072067260742188e+02 1.500784587860107422e+01 -2.784756183624267578e+00 1.500784587860107422e+01 1.013352890014648438e+02
1.202351608276367188e+02 -1.633723640441894531e+01 -1.306846237182617188e+01 -1.633723640441894531e+01 1.250023956298828125e+02 1.521338748931884766e+01 -1.306846237182617188e+01 1.521338748931884766e+01 1.047830810546875000e+02
1.065434417724609375e+02 3.066215324401855469e+01 9.514583587646484375e+00 3.066215324401855469e+01 1.037918395996093750e+02 -1.049919319152832031e+01 9.514583587646484375e+00 -1.049919319152832031e+01 1.043123245239257812e+02
1.168702468872070312e+02 -1.119538211822509766e+01 -1.606207466125488281e+01 -1.119538211822509766e+01 1.128953399658203125e+02 -1.178880119323730469e+01 -1.606207466125488281e+01 -1.178880119323730469e+01 1.083866882324218750e+02
1.189820175170898438e+02 1.661902618408203125e+01 1.125837135314941406e+01 1.661902618408203125e+01 1.110023651123046875e+02 -1.849873661994934082e+00 1.125837135314941406e+01 -1.849873661994934082e+00 1.013087615966796875e+02
8.712639617919921875e+01 -1.094011306762695312e+01 2.162164115905761719e+01 -1.094011306762695312e+01 8.543565368652343750e+01 -5.722010612487792969e+00 2.162164115905761719e+01 -5.722010612487792969e+00 8.378137969970703125e+01
1.203114089965820312e+02 8.646004676818847656e+00 5.529729843139648438e+00 8.646004676818847656e+00 1.121129531860351562e+02 -3.228991031646728516e+00 5.529729843139648438e+00 -3.228991031646728516e+00 1.294182281494140625e+02
1.214551467895507812e+02 -1.079424476623535156e+01 1.093016815185546875e+01 -1.079424476623535156e+01 1.391483001708984375e+02 -3.992478179931640625e+01 1.093016815185546875e+01 -3.992478179931640625e+01 1.520178527832031250e+02
1.126234970092773438e+02 -2.412792205810546875e+01 9.017305374145507812e+00 -2.412792205810546875e+01 1.144468460083007812e+02 -5.539675712585449219e+00 9.017305374145507812e+00 -5.539675712585449219e+00 1.146391296386718750e+02
9.132342529296875000e+01 -2.310684442520141602e+00 -6.630371790379285812e-03 -2.310684442520141602e+00 9.302079772949218750e+01 2.885206222534179688e+01 -6.630371790379285812e-03 2.885206222534179688e+01 1.414158782958984375e+02
1.098553161621093750e+02 -5.914291381835937500e+00 -8.861492156982421875e+00 -5.914291381835937500e+00 1.177355117797851562e+02 1.208385276794433594e+01 -8.861492156982421875e+00 1.208385276794433594e+01 1.180504531860351562e+02
1.140954360961914062e+02 7.061345577239990234e-01 -1.118875217437744141e+01 7.061345577239990234e-01 8.119221496582031250e+01 -1.585984897613525391e+01 -1.118875217437744141e+01 -1.585984897613525391e+01 8.545554351806640625e+01
1.442702636718750000e+02 -1.261096668243408203e+01 1.944356536865234375e+01 -1.261096668243408203e+01 1.174636611938476562e+02 7.293409109115600586e-02 1.944356536865234375e+01 7.293409109115600586e-02 1.118842086791992188e+02
1.305685882568359375e+02 -2.917363643646240234e+00 -8.052586555480957031e+00 -2.917363643646240234e+00 1.051079635620117188e+02 -7.071291446685791016e+00 -8.052586555480957031e+00 -7.071291446685791016e+00 1.297331695556640625e+02
1.166348648071289062e+02 -1.373813056945800781e+01 -4.482131481170654297e+00 -1.373813056945800781e+01 7.763502502441406250e+01 -2.552693128585815430e+00 -4.482131481170654297e+00 -2.552693128585815430e+00 8.751759338378906250e+01
1.366188049316406250e+02 -8.516712188720703125e+00 -5.625870227813720703e+00 -8.516712188720703125e+00 1.383493347167968750e+02 3.262142896652221680e+00 -5.625870227813720703e+00 3.262142896652221680e+00 1.241537094116210938e+02
8.825024414062500000e+01 2.333890914916992188e+00 1.965905189514160156e+01 2.333890914916992188e+00 9.648848724365234375e+01 -1.345965504646301270e+00 1.965905189514160156e+01 -1.345965504646301270e+00 1.473865356445312500e+02
1.081479949951171875e+02 -1.037321662902832031e+01 -5.781683921813964844e+00 -1.037321662902832031e+01 1.035763549804687500e+02 -1.006490421295166016e+01 -5.781683921813964844e+00 -1.006490421295166016e+01 1.380012359619140625e+02
1.300481109619140625e+02 5.407068252563476562e+00 2.585844993591308594e-01 5.407068252563476562e+00 9.359101104736328125e+01 5.165059566497802734e+00 2.585844993591308594e-01 5.165059566497802734e+00 1.164989471435546875e+02
1.315598297119140625e+02 3.732899188995361328e+00 -2.004361343383789062e+01 3.732899188995361328e+00 1.280026397705078125e+02 8.420572280883789062e-01 -2.004361343383789062e+01 8.420572280883789062e-01 9.724102783203125000e+01
1.232420349121093750e+02 -3.325131416320800781e+00 6.564068198204040527e-01 -3.325131416320800781e+00 1.130544662475585938e+02 3.650019645690917969e+00 6.564068198204040527e-01 3.650019645690917969e+00 9.248374176025390625e+01
1.004965438842773438e+02 -9.527844429016113281e+00 -6.620426177978515625e+00 -9.527844429016113281e+00 1.172481765747070312e+02 -1.327731895446777344e+01 -6.620426177978515625e+00 -1.327731895446777344e+01 8.280339813232421875e+01
8.936415100097656250e+01 1.854846572875976562e+01 1.046935653686523438e+01 1.854846572875976562e+01 1.080253295898437500e+02 -1.471942543983459473e+00 1.046935653686523438e+01 -1.471942543983459473e+00 1.053300857543945312e+02
1.320372161865234375e+02 -5.668967723846435547e+00 2.032208919525146484e+00 -5.668967723846435547e+00 9.006365203857421875e+01 -5.761793136596679688e+00 2.032208919525146484e+00 -5.761793136596679688e+00 1.045211791992187500e+02
1.236696929931640625e+02 -2.439976692199707031e+00 -3.020134210586547852e+00 -2.439976692199707031e+00 9.959481048583984375e+01 -1.057875823974609375e+01 -3.020134210586547852e+00 -1.057875823974609375e+01 9.058745574951171875e+01
9.415790557861328125e+01 1.599245643615722656e+01 8.029379844665527344e+00 1.599245643615722656e+01 1.314736328125000000e+02 5.198211193084716797e+00 8.029379844665527344e+00 5.198211193084716797e+00 1.074683761596679688e+02
8.123531341552734375e+01 7.525471687316894531e+00 1.984470176696777344e+01 7.525471687316894531e+00 1.196019592285156250e+02 -1.531947422027587891e+01 1.984470176696777344e+01 -1.531947422027587891e+01 1.448238983154296875e+02
1.003606185913085938e+02 -1.819374084472656250e+01 8.735514640808105469e+00 -1.819374084472656250e+01 1.118411102294921875e+02 7.479059219360351562e+00 8.735514640808105469e+00 7.479059219360351562e+00 1.133064193725585938e+02
1.235039367675781250e+02 -4.574956595897674561e-01 2.338532066345214844e+01 -4.574956595897674561e-01 1.014579467773437500e+02 7.492319941520690918e-01 2.338532066345214844e+01 7.492319941520690918e-01 8.594950866699218750e+01
1.022668533325195312e+02 -8.762036323547363281e+00 7.714437484741210938e+00 -8.762036323547363281e+00 1.145496139526367188e+02 9.030566215515136719e+00 7.714437484741210938e+00 9.030566215515136719e+00 1.039111862182617188e+02
7.799969482421875000e+01 7.071291446685791016e+00 1.339666557312011719e+01 7.071291446685791016e+00 1.255096206665039062e+02 9.730070114135742188e+00 1.339666557312011719e+01 9.730070114135742188e+00 1.016767501831054688e+02
7.446570587158203125e+01 1.390720462799072266e+01 4.475500881671905518e-01 1.390720462799072266e+01 1.377194519042968750e+02 -1.457024192810058594e+01 4.475500881671905518e-01 -1.457024192810058594e+01 1.238354492187500000e+02
1.108332901000976562e+02 -1.539572334289550781e+01 -1.501779198646545410e+00 -1.539572334289550781e+01 9.422752380371093750e+01 9.865993499755859375e+00 -1.501779198646545410e+00 9.865993499755859375e+00 1.639193572998046875e+02
1.198605422973632812e+02 5.715380191802978516e+00 8.241552352905273438e+00 5.715380191802978516e+00 9.777809143066406250e+01 5.509839057922363281e+00 8.241552352905273438e+00 5.509839057922363281e+00 1.071335449218750000e+02
9.362747955322265625e+01 -2.409808540344238281e+01 -1.037653160095214844e+01 -2.409808540344238281e+01 1.344539947509765625e+02 2.186033630371093750e+01 -1.037653160095214844e+01 2.186033630371093750e+01 1.129251785278320312e+02
1.034139099121093750e+02 3.945071101188659668e-01 1.251151180267333984e+01 3.945071101188659668e-01 1.324914093017578125e+02 5.012560844421386719e+00 1.251151180267333984e+01 5.012560844421386719e+00 1.111581802368164062e+02
1.200627670288085938e+02 -1.463986110687255859e+01 4.657835960388183594e+00 -1.463986110687255859e+01 8.556163024902343750e+01 -2.085251808166503906e+00 4.657835960388183594e+00 -2.085251808166503906e+00 1.085922241210937500e+02
1.306945648193359375e+02 -7.220474720001220703e+00 6.162930488586425781e+00 -7.220474720001220703e+00 1.060793151855468750e+02 1.280324745178222656e+01 6.162930488586425781e+00 1.280324745178222656e+01 1.352695312500000000e+02
9.841129302978515625e+01 -5.320873260498046875e+00 -3.557194471359252930e+00 -5.320873260498046875e+00 1.043554229736328125e+02 -1.865786552429199219e+01 -3.557194471359252930e+00 -1.865786552429199219e+01 1.129682693481445312e+02
8.916523742675781250e+01 -3.378174304962158203e+00 9.193010330200195312e+00 -3.378174304962158203e+00 1.400400848388671875e+02 -1.535925579071044922e+01 9.193010330200195312e+00 -1.535925579071044922e+01 1.365226745605468750e+02
1.158690567016601562e+02 -1.557805824279785156e+01 1.636375808715820312e+01 -1.557805824279785156e+01 1.227812194824218750e+02 -1.249493503570556641e+01 1.636375808715820312e+01 -1.249493503570556641e+01 1.247471313476562500e+02
1.246974029541015625e+02 1.299552822113037109e+01 1.546865749359130859e+01 1.299552822113037109e+01 1.225723648071289062e+02 -1.050913929939270020e+00 1.546865749359130859e+01 -1.050913929939270020e+00 1.072562103271484375e+02
1.074484863281250000e+02 -1.704005432128906250e+01 -7.568569183349609375e+00 -1.704005432128906250e+01 1.234906692504882812e+02 -5.967334508895874023e-01 -7.568569183349609375e+00 -5.967334508895874023e-01 1.234144210815429688e+02
1.020314712524414062e+02 -5.639131069183349609e+00 -3.348337709903717041e-01 -5.639131069183349609e+00 1.238619766235351562e+02 -6.908847332000732422e+00 -3.348337709903717041e-01 -6.908847332000732422e+00 8.620809173583984375e+01
9.806651306152343750e+01 -1.626761627197265625e+01 -9.614039063453674316e-01 -1.626761627197265625e+01 1.015441436767578125e+02 -5.165059566497802734e+00 -9.614039063453674316e-01 -5.165059566497802734e+00 1.247537612915039062e+02
1.055455703735351562e+02 2.857690095901489258e+00 -9.895830154418945312e+00 2.857690095901489258e+00 9.137315368652343750e+01 -3.643389225006103516e+00 -9.895830154418945312e+00 -3.643389225006103516e+00 1.263218383789062500e+02
1.248399505615234375e+02 -1.656598281860351562e+01 2.025247001647949219e+01 -1.656598281860351562e+01 1.102829742431640625e+02 7.077921867370605469e+00 2.025247001647949219e+01 7.077921867370605469e+00 9.894503784179687500e+01
1.019850616455078125e+02 -3.726269006729125977e+00 8.543233871459960938e+00 -3.726269006729125977e+00 1.205799407958984375e+02 1.558137321472167969e+01 8.543233871459960938e+00 1.558137321472167969e+01 1.317023925781250000e+02
1.159784622192382812e+02 -1.592615318298339844e+01 -5.891085147857666016e+00 -1.592615318298339844e+01 1.239912643432617188e+02 -3.103345489501953125e+01 -5.891085147857666016e+00 -3.103345489501953125e+01 9.873949432373046875e+01
8.208399963378906250e+01 -5.602664351463317871e-01 -6.719881534576416016e+00 -5.602664351463317871e-01 1.282313842773437500e+02 -3.301925277709960938e+01 -6.719881534576416016e+00 -3.301925277709960938e+01 9.995948028564453125e+01
1.182427368164062500e+02 -5.788314342498779297e+00 -2.041160011291503906e+01 -5.788314342498779297e+00 1.291861572265625000e+02 -4.289850711822509766e+00 -2.041160011291503906e+01 -4.289850711822509766e+00 9.659456634521484375e+01
1.388532409667968750e+02 -6.312113761901855469e+00 2.960460901260375977e+00 -6.312113761901855469e+00 1.351601257324218750e+02 -2.694583129882812500e+01 2.960460901260375977e+00 -2.694583129882812500e+01 1.134721832275390625e+02
9.145271301269531250e+01 -1.396356296539306641e+01 3.026764631271362305e+00 -1.396356296539306641e+01 1.279694900512695312e+02 4.346208572387695312e+00 3.026764631271362305e+00 4.346208572387695312e+00 1.260566253662109375e+02
1.066893081665039062e+02 4.323002338409423828e+00 1.388068294525146484e+01 4.323002338409423828e+00 1.308934783935546875e+02 1.847884559631347656e+01 1.388068294525146484e+01 1.847884559631347656e+01 1.116654052734375000e+02
1.214286270141601562e+02 -1.277009582519531250e+01 1.365856528282165527e+00 -1.277009582519531250e+01 1.321300506591796875e+02 -8.188508749008178711e-01 1.365856528282165527e+00 -8.188508749008178711e-01 9.901465606689453125e+01
1.264212951660156250e+02 -1.059864902496337891e+01 -1.124179553985595703e+01 -1.059864902496337891e+01 1.037023315429687500e+02 1.950323867797851562e+01 -1.124179553985595703e+01 1.950323867797851562e+01 7.597411346435546875e+01
9.442643737792968750e+01 1.484871768951416016e+01 1.160315051674842834e-01 1.484871768951416016e+01 1.092718429565429688e+02 4.256698608398437500e+00 1.160315051674842834e-01 4.256698608398437500e+00 1.249294662475585938e+02
8.826351165771484375e+01 2.589160203933715820e+00 -2.406161880493164062e+01 2.589160203933715820e+00 1.306581115722656250e+02 -6.186136722564697266e+00 -2.406161880493164062e+01 -6.186136722564697266e+00 1.616153106689453125e+02
1.364265289306640625e+02 -4.601478099822998047e+00 -3.235621452331542969e+00 -4.601478099822998047e+00 9.999594879150390625e+01 1.017098999023437500e+01 -3.235621452331542969e+00 1.017098999023437500e+01 1.004667053222656250e+02
1.263483657836914062e+02 -2.648501968383789062e+01 1.899601459503173828e+00 -2.648501968383789062e+01 9.383302307128906250e+01 5.271145343780517578e+00 1.899601459503173828e+00 5.271145343780517578e+00 1.086386413574218750e+02
9.998268890380859375e+01 -1.896286249160766602e+00 2.285157585144042969e+01 -1.896286249160766602e+00 1.036095046997070312e+02 7.651448726654052734e+00 2.285157585144042969e+01 7.651448726654052734e+00 1.104653091430664062e+02
9.648185729980468750e+01 -8.055901527404785156e-01 3.921864748001098633e+00 -8.055901527404785156e-01 1.099945526123046875e+02 -1.722239112854003906e+01 3.921864748001098633e+00 -1.722239112854003906e+01 7.628574371337890625e+01
1.377658691406250000e+02 6.043583869934082031e+00 5.300981998443603516e+00 6.043583869934082031e+00 1.346230621337890625e+02 9.610723495483398438e+00 5.300981998443603516e+00 9.610723495483398438e+00 8.566440582275390625e+01
1.357071380615234375e+02 -8.387420654296875000e+00 -1.656266784667968750e+01 -8.387420654296875000e+00 1.179377365112304688e+02 -6.895586848258972168e-01 -1.656266784667968750e+01 -6.895586848258972168e-01 9.617685699462890625e+01
8.282991790771484375e+01 -8.951001614332199097e-02 -2.605736017227172852e+00 -8.951001614332199097e-02 1.016469116210937500e+02 4.740715622901916504e-01 -2.605736017227172852e+00 4.740715622901916504e-01 1.135782699584960938e+02
1.125903396606445312e+02 -2.041823005676269531e+01 -1.202749443054199219e+01 -2.041823005676269531e+01 1.383858032226562500e+02 -4.528543949127197266e+00 -1.202749443054199219e+01 -4.528543949127197266e+00 1.042824859619140625e+02
9.402529907226562500e+01 -8.301225662231445312e+00 -1.402986621856689453e+01 -8.301225662231445312e+00 7.728692626953125000e+01 -1.409617042541503906e+01 -1.402986621856689453e+01 -1.409617042541503906e+01 1.041134109497070312e+02
9.212901306152343750e+01 1.536257076263427734e+01 8.258128166198730469e+00 1.536257076263427734e+01 1.507315521240234375e+02 -2.165810966491699219e+01 8.258128166198730469e+00 -2.165810966491699219e+01 8.595945739746093750e+01
1.092088546752929688e+02 3.308555364608764648e+00 5.304297432303428650e-02 3.308555364608764648e+00 6.705957794189453125e+01 -5.274460792541503906e+00 5.304297432303428650e-02 -5.274460792541503906e+00 1.063180084228515625e+02
1.016900100708007812e+02 1.130478382110595703e+00 4.276589751243591309e-01 1.130478382110595703e+00 1.088839645385742188e+02 4.584901809692382812e+00 4.276589751243591309e-01 4.584901809692382812e+00 1.088872756958007812e+02
9.495687103271484375e+01 3.911919355392456055e+00 7.333190917968750000e+00 3.911919355392456055e+00 1.146789093017578125e+02 -3.364913702011108398e+00 7.333190917968750000e+00 -3.364913702011108398e+00 1.331411743164062500e+02
1.317123260498046875e+02 -1.703342437744140625e+01 -1.474926185607910156e+01 -1.703342437744140625e+01 1.102630844116210938e+02 1.556811237335205078e+01 -1.474926185607910156e+01 1.556811237335205078e+01 1.534864807128906250e+02
1.290303497314453125e+02 3.219045400619506836e+00 1.519681167602539062e+01 3.219045400619506836e+00 9.531159210205078125e+01 4.820280075073242188e+00 1.519681167602539062e+01 4.820280075073242188e+00 9.434355926513671875e+01
1.383659057617187500e+02 -4.697618484497070312e+00 -1.288281250000000000e+01 -4.697618484497070312e+00 9.732722473144531250e+01 4.432403564453125000e+00 -1.288281250000000000e+01 4.432403564453125000e+00 1.001285552978515625e+02
1.276412887573242188e+02 1.508741092681884766e+01 4.883268833160400391e+00 1.508741092681884766e+01 1.223436203002929688e+02 -2.616676139831542969e+01 4.883268833160400391e+00 -2.616676139831542969e+01 9.568621063232421875e+01
1.094276580810546875e+02 -1.358231639862060547e+01 -3.166002511978149414e+00 -1.358231639862060547e+01 1.065931701660156250e+02 -1.707320690155029297e+00 -3.166002511978149414e+00 -1.707320690155029297e+00 9.799689483642578125e+01
9.538784027099609375e+01 9.570941925048828125e+00 -1.637701749801635742e+00 9.570941925048828125e+00 1.279429702758789062e+02 2.338200569152832031e+01 -1.637701749801635742e+00 2.338200569152832031e+01 8.345317077636718750e+01
8.046950531005859375e+01 -6.971835613250732422e+00 -2.244380712509155273e+00 -6.971835613250732422e+00 1.047035140991210938e+02 7.624927520751953125e+00 -2.244380712509155273e+00 7.624927520751953125e+00 9.242075347900390625e+01
1.209645004272460938e+02 1.028702163696289062e+01 7.807262897491455078e+00 1.028702163696289062e+01 1.225325851440429688e+02 -9.498007774353027344e+00 7.807262897491455078e+00 -9.498007774353027344e+00 9.998268890380859375e+01
1.186306076049804688e+02 8.838285446166992188e+00 -2.532470512390136719e+01 8.838285446166992188e+00 1.225292663574218750e+02 1.704005479812622070e+00 -2.532470512390136719e+01 1.704005479812622070e+00 1.282446441650390625e+02
1.204440155029296875e+02 -4.342893362045288086e-01 -4.034581184387207031e+00 -4.342893362045288086e-01 1.099415054321289062e+02 1.308835411071777344e+01 -4.034581184387207031e+00 1.308835411071777344e+01 1.454869232177734375e+02
8.354599761962890625e+01 1.620794296264648438e+01 -2.008671188354492188e+01 1.620794296264648438e+01 1.238354492187500000e+02 1.528632164001464844e+01 -2.008671188354492188e+01 1.528632164001464844e+01 1.326206970214843750e+02
1.208749923706054688e+02 -1.522001838684082031e+01 -2.729723930358886719e+01 -1.522001838684082031e+01 8.401012420654296875e+01 -7.731013298034667969e+00 -2.729723930358886719e+01 -7.731013298034667969e+00 1.262091217041015625e+02
1.286855621337890625e+02 1.060527992248535156e+01 -2.203272438049316406e+01 1.060527992248535156e+01 1.269384689331054688e+02 1.309829902648925781e+01 -2.203272438049316406e+01 1.309829902648925781e+01 1.424535369873046875e+02
1.014214782714843750e+02 7.876881599426269531e+00 -8.927795410156250000e+00 7.876881599426269531e+00 1.218993835449218750e+02 -1.369171714782714844e+01 -8.927795410156250000e+00 -1.369171714782714844e+01 1.131506042480468750e+02
1.160447616577148438e+02 -8.510082244873046875e+00 8.055901527404785156e-01 -8.510082244873046875e+00 1.122753982543945312e+02 1.363204383850097656e+01 8.055901527404785156e-01 1.363204383850097656e+01 1.318449401855468750e+02
1.213987884521484375e+02 -3.795887708663940430e+00 7.024878978729248047e+00 -3.795887708663940430e+00 1.029497833251953125e+02 -1.755059432983398438e+01 7.024878978729248047e+00 -1.755059432983398438e+01 9.471485900878906250e+01
1.582802276611328125e+02 -1.530952835083007812e+01 6.285592555999755859e+00 -1.530952835083007812e+01 1.028039093017578125e+02 -7.280148029327392578e+00 6.285592555999755859e+00 -7.280148029327392578e+00 1.285960540771484375e+02
1.270279769897460938e+02 -8.778612136840820312e+00 -1.408953952789306641e+01 -8.778612136840820312e+00 9.296775817871093750e+01 6.676784515380859375e+00 -1.408953952789306641e+01 6.676784515380859375e+00 1.023099517822265625e+02
9.721782684326171875e+01 1.214352607727050781e+01 -1.003838253021240234e+01 1.214352607727050781e+01 1.241570281982421875e+02 -8.692417144775390625e+00 -1.003838253021240234e+01 -8.692417144775390625e+00 1.247139739990234375e+02
1.284932861328125000e+02 1.369503307342529297e+01 -8.145411491394042969e+00 1.369503307342529297e+01 1.222010650634765625e+02 2.257641553878784180e+00 -8.145411491394042969e+00 2.257641553878784180e+00 1.138070144653320312e+02
1.174669799804687500e+02 -9.726755142211914062e+00 1.312813568115234375e+01 -9.726755142211914062e+00 1.139528808593750000e+02 -2.326597404479980469e+01 1.312813568115234375e+01 -2.326597404479980469e+01 9.601441192626953125e+01
1.430701599121093750e+02 2.184044456481933594e+01 -1.670190620422363281e+01 2.184044456481933594e+01 1.392477569580078125e+02 -1.355911016464233398e+00 -1.670190620422363281e+01 -1.355911016464233398e+00 1.087878265380859375e+02
7.665041351318359375e+01 -1.220651435852050781e+01 -9.829525947570800781e+00 -1.220651435852050781e+01 1.270644454956054688e+02 -1.032348918914794922e+01 -9.829525947570800781e+00 -1.032348918914794922e+01 1.117482833862304688e+02
1.196384277343750000e+02 -1.322759151458740234e+00 -2.601426315307617188e+01 -1.322759151458740234e+00 1.529958190917968750e+02 -8.513397216796875000e+00 -2.601426315307617188e+01 -8.513397216796875000e+00 8.792536163330078125e+01
1.030890197753906250e+02 1.402323603630065918e+00 -5.039082765579223633e-01 1.402323603630065918e+00 9.680673980712890625e+01 1.594604372978210449e+00 -5.039082765579223633e-01 1.594604372978210449e+00 1.299055633544921875e+02
1.015242538452148438e+02 1.545539665222167969e+01 -6.312113761901855469e+00 1.545539665222167969e+01 1.042360763549804688e+02 -7.193953514099121094e+00 -6.312113761901855469e+00 -7.193953514099121094e+00 1.061489334106445312e+02
1.162370452880859375e+02 -2.001377677917480469e+01 -2.009002685546875000e+00 -2.001377677917480469e+01 1.063279571533203125e+02 -8.798502922058105469e+00 -2.009002685546875000e+00 -8.798502922058105469e+00 1.223999786376953125e+02
8.997746276855468750e+01 9.315672516822814941e-01 -4.309741780161857605e-02 9.315672516822814941e-01 1.104188919067382812e+02 6.166245460510253906e+00 -4.309741780161857605e-02 6.166245460510253906e+00 1.352894134521484375e+02
1.311288604736328125e+02 -5.586088180541992188e+00 -1.757048517465591431e-01 -5.586088180541992188e+00 1.045907974243164062e+02 1.380111885070800781e+01 -1.757048517465591431e-01 1.380111885070800781e+01 1.308868560791015625e+02
1.215844421386718750e+02 -1.011794757843017578e+01 1.333699226379394531e+01 -1.011794757843017578e+01 1.144534759521484375e+02 -4.979409217834472656e+00 1.333699226379394531e+01 -4.979409217834472656e+00 9.436013793945312500e+01
1.047002029418945312e+02 6.003801345825195312e+00 -4.624684333801269531e+00 6.003801345825195312e+00 1.007882766723632812e+02 -5.722010612487792969e+00 -4.624684333801269531e+00 -5.722010612487792969e+00 9.345177459716796875e+01
1.398842620849609375e+02 3.408010959625244141e+00 1.319443941116333008e+00 3.408010959625244141e+00 1.128422927856445312e+02 -1.119869804382324219e+01 1.319443941116333008e+00 -1.119869804382324219e+01 1.042360763549804688e+02
1.155806427001953125e+02 1.063180065155029297e+01 -5.980595111846923828e+00 1.063180065155029297e+01 9.988986206054687500e+01 -3.143127632141113281e+01 -5.980595111846923828e+00 -3.143127632141113281e+01 1.419662017822265625e+02
1.101238403320312500e+02 2.280847787857055664e+00 2.254326343536376953e+00 2.280847787857055664e+00 1.141385345458984375e+02 2.134979724884033203e+00 2.254326343536376953e+00 2.134979724884033203e+00 1.009043121337890625e+02
1.402820892333984375e+02 -5.901030898094177246e-01 2.855701065063476562e+01 -5.901030898094177246e-01 1.219424819946289062e+02 8.374159812927246094e+00 2.855701065063476562e+01 8.374159812927246094e+00 1.099381942749023438e+02
1.181830596923828125e+02 9.372030258178710938e+00 -3.487575531005859375e+00 9.372030258178710938e+00 9.525855255126953125e+01 1.407296371459960938e+01 -3.487575531005859375e+00 1.407296371459960938e+01 1.025718536376953125e+02
1.066064300537109375e+02 -1.249825119972229004e+00 1.883025550842285156e+01 -1.249825119972229004e+00 1.155375442504882812e+02 3.716323375701904297e+00 1.883025550842285156e+01 3.716323375701904297e+00 7.301365661621093750e+01
9.876601409912109375e+01 -1.108598136901855469e+01 1.228939437866210938e+01 -1.108598136901855469e+01 9.340204620361328125e+01 -1.832966232299804688e+01 1.228939437866210938e+01 -1.832966232299804688e+01 9.486735534667968750e+01
9.711837005615234375e+01 -1.534931063652038574e+00 -1.279330253601074219e+01 -1.534931063652038574e+00 7.781404113769531250e+01 6.537546634674072266e+00 -1.279330253601074219e+01 6.537546634674072266e+00 1.081082077026367188e+02
1.488286437988281250e+02 1.418899536132812500e+01 -1.349280595779418945e+00 1.418899536132812500e+01 8.533288574218750000e+01 1.656266784667968750e+01 -1.349280595779418945e+00 1.656266784667968750e+01 7.538732910156250000e+01
1.018789749145507812e+02 -1.546534156799316406e+01 8.032695770263671875e+00 -1.546534156799316406e+01 1.039476547241210938e+02 -1.687429547309875488e+00 8.032695770263671875e+00 -1.687429547309875488e+00 1.157928085327148438e+02
1.039277572631835938e+02 2.546062707901000977e+00 8.457038879394531250e+00 2.546062707901000977e+00 1.146822204589843750e+02 1.076109313964843750e+01 8.457038879394531250e+00 1.076109313964843750e+01 1.223535614013671875e+02
1.106376953125000000e+02 2.877581405639648438e+01 6.365156650543212891e+00 2.877581405639648438e+01 1.030724411010742188e+02 -1.268058586120605469e+01 6.365156650543212891e+00 -1.268058586120605469e+01 9.601110076904296875e+01
1.124345245361328125e+02 1.124842548370361328e+01 -2.861668395996093750e+01 1.124842548370361328e+01 1.099746627807617188e+02 5.456795692443847656e+00 -2.861668395996093750e+01 5.456795692443847656e+00 1.384885711669921875e+02
1.396389465332031250e+02 -1.536588668823242188e+01 6.540861606597900391e+00 -1.536588668823242188e+01 1.192339706420898438e+02 9.584201812744140625e+00 6.540861606597900391e+00 9.584201812744140625e+00 1.079192428588867188e+02
9.162178802490234375e+01 6.514340400695800781e+00 1.637370300292968750e+01 6.514340400695800781e+00 1.413064880371093750e+02 1.282976913452148438e+01 1.637370300292968750e+01 1.282976913452148438e+01 1.014446868896484375e+02
8.606222534179687500e+01 -1.307177734375000000e+01 1.458681821823120117e+00 -1.307177734375000000e+01 1.055157318115234375e+02 -4.220231533050537109e+00 1.458681821823120117e+00 -4.220231533050537109e+00 1.156104736328125000e+02
1.080087585449218750e+02 -5.460111141204833984e+00 -2.884211540222167969e-01 -5.460111141204833984e+00 9.764216613769531250e+01 1.464980602264404297e+01 -2.884211540222167969e-01 1.464980602264404297e+01 1.490176086425781250e+02
1.318814086914062500e+02 4.724139690399169922e+00 -1.717929267883300781e+01 4.724139690399169922e+00 1.030426101684570312e+02 1.955959677696228027e+00 -1.717929267883300781e+01 1.955959677696228027e+00 1.384288940429687500e+02
1.022801132202148438e+02 -7.067975997924804688e+00 -2.267587184906005859e+00 -7.067975997924804688e+00 1.146457595825195312e+02 1.938389205932617188e+01 -2.267587184906005859e+00 1.938389205932617188e+01 1.342351837158203125e+02
1.189687576293945312e+02 1.428513622283935547e+01 -6.229234218597412109e+00 1.428513622283935547e+01 9.307715606689453125e+01 -1.883025527000427246e+00 -6.229234218597412109e+00 -1.883025527000427246e+00 1.487490692138671875e+02
1.363801116943359375e+02 -1.707652282714843750e+01 5.668967962265014648e-01 -1.707652282714843750e+01 1.130146865844726562e+02 1.252477169036865234e+01 5.668967962265014648e-01 1.252477169036865234e+01 1.468130035400390625e+02
1.165387268066406250e+02 -3.219045400619506836e+00 -2.002040672302246094e+01 -3.219045400619506836e+00 1.051278610229492188e+02 5.088810443878173828e+00 -2.002040672302246094e+01 5.088810443878173828e+00 9.698907470703125000e+01
1.051510620117187500e+02 1.236232757568359375e+01 -1.376796722412109375e+01 1.236232757568359375e+01 1.190914230346679688e+02 4.359469413757324219e+00 -1.376796722412109375e+01 4.359469413757324219e+00 1.285894317626953125e+02
